7
4
0 0 0.1412 0.3464
0.1412 0 0.5836 0.5088
0.7248 0 0.032 0.3464
0.7568 0 0.242 0.5088
5
0 0.2668 0.0064 0.362
0.0064 0 0.1664 0.6288
0.1728 0.2668 0.0632 0.362
0.236 0 0.318 0.6288
0.554 0.2668 0.0772 0.362
11
0 0 0.0096 0.0092
0 0.3808 0.0096 0.026
0 0.7152 0.0096 0.0868
0.0096 0 0.2324 0.4068
0.0096 0.4828 0.2324 0.3192
0.242 0 0.2652 0.0092
0.242 0.0588 0.2652 0.6564
0.5072 0.0588 0.1504 0.322
0.5072 0.4068 0.1504 0.3276
0.6576 0.0092 0.2732 0.3716
0.6576 0.4128 0.2732 0.3216
3
0 0.1452 0.202 0.1876
0 0.3928 0.202 0.3328
0.202 0 0.2916 0.924
3
0 0 0.1284 0.1352
0 0.4232 0.1284 0.5124
0.1284 0 0.078 0.7812
8
0 0 0.1252 0.6392
0 0.7636 0.1252 0.1564
0.1252 0.2652 0.1776 0.6548
0.3028 0.2652 0.1312 0.374
0.434 0.2652 0.2172 0.6548
0.6512 0.6392 0.0348 0.1244
0.686 0 0.2184 0.92
0.9044 0 0.048 0.6392
4
0 0 0.1924 0.2556
0.1924 0 0.2648 0.54
0.4572 0 0.4356 0.2556
0.4572 0.2796 0.0784 0.2604
1.5
